1. การท่องเที่ยวทางธรรมชาติ
    1. ดอยปุย   266545561   223162369 
    2. อุทยานแห่งชาติดอยอินทนนท์     236812658   352088355491037
    3. น้ำพุร้อนสันกำแพง    268976879901180     297727374288215     212999465       605425236
    4. Grand canyon     632463043626278     1028305381
    5. ปางช้างแม่แตง      291752084203684     1527799243987966
2. การท่องเที่ยวทางศิลปวัฒนธรรม
    1. วัดพระสิงห์วรมหาวิหาร    112222267011408     349345216       248305621
    2. วัดอุโมงค์   223846157   1030948912 487995489
    3. วัดเกตการาม  904134436338401     419245734893599
3. การท่องเที่ยวทางประวัติศาสตร์
    1. อนุสาวรีย์สามกษัตริย์    305046242995484     893971733980858     113055166899502
    2. เวียงกุมกาม  784961613       960481264129313
    3. อนุสาวรีย์ครูบาศรีวิชัย      501997293263955     1399117130342860
    4. วัดเชียงมั่น     662626057506904     100502908417645
4. การท่องเที่ยวที่มนุษย์สร้างขึ้น
    1. ห้าง maya 213590035 
    2. ถนนคนเดินท่าแพ     121474598025096
    3. เชียงใหม่ไนท์ซาฟารี      195304697182096
